t,2018,5,18,8,38,55,867
t,2018,5,18,9,8,55,1800867
t,2018,5,18,9,38,55,3600867
t,2018,5,18,10,8,55,5400867
t,2018,5,18,10,38,55,7200867
t,2018,5,18,11,8,55,9000867
t,2018,5,18,11,38,55,10800867
t,2018,5,18,12,8,55,12600867
t,2018,5,18,12,38,55,14400867
t,2018,5,18,13,8,55,16200867
t,2018,5,18,13,38,55,18000867
t,2018,5,18,14,8,55,19800867
t,2018,5,18,14,38,55,21600867
t,2018,5,18,15,8,55,23400867
t,2018,5,18,15,38,55,25200867
25201832
25201974
25203341
25203573
25204504
25205277
25205528
25205736
25205847
25206616
25206627
25206970
25207108
25207114
25207388
25207901
25208237
25208346
25208705
25209286
25210278
25210520
25210565
25210744
25211667
25211800
25212049
25212247
25212282
25212947
25213036
25214311
25215408
25215936
25216664
25217123
25217163
25217258
25217556
25218860
25219266
25220092
25221993
25222067
25222355
25222767
25223029
25223721
25223920
25224037
25224845
25225922
25226085
25227722
25228447
25228552
25231102
25231298
25231346
25231761
25232099
25232458
25232774
25234133
25234251
25234866
25235378
25235541
25235576
25235730
25235946
25237025
25237428
25237484
25237592
25237971
25237985
25238386
25239049
25239486
25239575
25241568
25242188
25242845
25243261
25243680
25243990
25244657
25245890
25246230
25246542
25247140
25247303
25247370
25247411
25247977
25248009
25248054
25248677
25249112
25249228
25251234
25251656
25251888
25252392
25252478
25253381
25254216
25254357
25254600
25255866
25256068
25256888
25257036
25257537
25257807
25258201
25258378
25259019
25259224
25259810
25260248
25261079
25261857
25262521
25262672
25262832
25263029
25263413
25263588
25264010
25264196
25265102
25265691
25265774
25265854
25266283
25266398
25267927
25268061
25268709
25268827
25268876
25268985
25269455
25269506
25269613
25270175
25270770
25270904
25271528
25272051
25273946
25273950
25274005
25274221
25274470
25274529
25274601
25274771
25274908
25275085
25275655
25275769
25277464
25277653
25278245
25278505
25278527
25278873
25280210
25280212
25281388
25281478
25282692
25283021
25283021
25283214
25283595
25284841
25286574
25287083
25287747
25287877
25288836
25289075
25289166
25289848
25290469
25290791
25291225
25293105
25293134
25293243
25293561
25294373
25295032
25295259
25295521
25296063
25296426
25297430
25297951
25298023
25298292
25298494
25298508
25298534
25300045
25300526
25301446
25301671
25301785
25302293
25302312
25302848
25303291
25303532
25304155
25304378
25304501
25304920
25305633
25306554
25306725
25307639
25309070
25309180
25309809
25310379
25311503
25311640
25312431
25314751
25315052
25315130
25315154
25315523
25315537
25316869
25317660
25317755
25318267
25319000
25319181
25319242
25319553
25320607
25320735
25321217
25324123
25324290
25325107
25325176
25326398
25326578
25326589
25326853
25327027
25328063
25328091
25328454
25328612
25328671
25329516
25330732
25330924
25331773
25332266
25332419
25332827
25334099
25334796
25334805
25335565
25335645
25335779
25336501
25336644
25337190
25337965
25338267
25339094
25339218
25339507
25339790
25340575
25341538
25342090
25342237
25346441
25346689
25346861
25348490
25349047
25349236
25349688
25349757
25349923
25350022
25350037
25350649
25350680
25351005
25352053
25352105
25352759
25353238
25354585
25355428
25355459
25355665
25355923
25356247
25357064
25357893
25358612
25359191
25360445
25361128
25362219
25362870
25362892
25363072
25363776
25363923
25363960
25364171
25365160
25365442
25365449
25366679
25368584
25368724
25369033
25369855
25370265
25370963
25371127
25371859
25371943
25373634
25374359
25374774
25374981
25375444
25377533
25377783
25378072
25379425
25379496
25379718
25379846
25380078
25380186
25380740
25380855
25380892
25381169
25381487
25381654
25382340
25382371
25382375
25382462
25382758
25383035
25384282
25384379
25384423
25384497
25384656
25384791
25384918
25384963
25385640
25385650
25385747
25386466
25387181
25390601
25391024
25391216
25391907
25392207
25392540
25392831
25393447
25394116
25394630
25394720
25394728
25394986
25395549
25395709
25395737
25397138
25397911
25398219
25399131
25399994
25400233
25400495
25400687
25400696
25400940
25401116
25403273
25403992
25404292
25404505
25404857
25405227
25405484
25405665
25405704
25405709
25406223
25406252
25406626
25406805
25407248
25408161
25408428
25408613
25410055
25410288
25412526
25413029
25413147
25413456
25414193
25414738
25414850
25414966
25416977
25417451
25418703
25419723
25419754
25420290
25420522
25420592
25421394
25421933
25422387
25422701
25422999
25423731
25423856
25423995
25424340
25424580
25424868
25425024
25425207
25425494
25425961
25426339
25427116
25427518
25428188
25428796
25429659
25431414
25431884
25432138
25432768
25433318
25434452
25435219
25435321
25436581
25437166
25437753
25438566
25438884
25439049
25439250
25439581
25439778
25440053
25441272
25441587
25441935
25442764
25444155
25444295
25444365
25444422
25444643
25444853
25444945
25444952
25445694
25447487
25447759
25447840
25447840
25448241
25449600
25450027
25450091
25450368
25450873
25451412
25452553
25454356
25456469
25456566
25456639
25456956
25457796
25458044
25458131
25458137
25458821
25458843
25460321
25460625
25461278
25461654
25461753
25461868
25462468
25462991
25463073
25463493
25464179
25464483
25464609
25464952
25466524
25467138
25467653
25468698
25469150
25469154
25469267
25469353
25469699
25469754
25470009
25470601
25470775
25471353
25471583
25472703
25473006
25473154
25473653
25474399
25474560
25474627
25475979
25476124
25477460
25478559
25480503
25481154
25481867
25482161
25482585
25483433
25483496
25483964
25484086
25484415
25484471
25485096
25485943
25486098
25486287
25486425
25486715
25486876
25487139
25487425
25487723
25487761
25487793
25487859
25488023
25488255
25488264
25488926
25489456
25490556
25491303
25491685
25492177
25492346
25492611
25493627
25494094
25494272
25494695
25495314
25495387
25495625
25495981
25496580
25497256
25497846
25498318
25500654
25500771
25500788
25500866
25501195
25501401
25501765
25502069
25502221
25502406
25502560
25502728
25503456
25503756
25505307
25505680
25506610
25506910
25506920
25507053
25507389
25507524
25507566
25507606
25508518
25508655
25509236
25510735
25510756
25510839
25511514
25513225
25513464
25513753
25513820
25514189
25514648
25515097
25515118
25515460
25515552
25515892
25516300
25516778
25516994
25518263
25519821
25520072
25520841
25521393
25521490
25521876
25521950
25522176
25523775
25524632
25524655
25525010
25526014
25526015
25527564
25529193
25529677
25529712
25529729
25529751
25530087
25531229
25531296
25532136
25532329
25532828
25532951
25533975
25534204
25534747
25535318
25535474
25535551
25535645
25535872
25538414
25539238
25539290
25539747
25541504
25541752
25544028
25545378
25545495
25546389
25546939
25547012
25547207
25547216
25547301
25547599
25547912
25548550
25549682
25550395
25550994
25553354
25553764
25554095
25555403
25555856
25555938
25556688
25556713
25556923
25557328
25558075
25558261
25558840
25559079
25560559
25560693
25561406
25561644
25561899
25561990
25562838
25563004
25563314
25563598
25565101
25565817
25565822
25567018
25568399
25568464
25568828
25568849
25569090
25569109
25569263
25570018
25570298
25570801
25570849
25571063
25571394
25571440
25573222
25574884
25574897
25575561
25575865
25576145
25576758
25577253
25577300
25577475
25577504
25577794
25578897
25579458
25580314
25580535
25581235
25581842
25583120
25583341
25583381
25584032
25584757
25585369
25586408
25586770
25587054
25587206
25587474
25587867
25588207
25588704
25588917
25588950
25589677
25589976
25591041
25591045
25591789
25592469
25592598
25592732
25592947
25594696
25595317
25596006
25596606
25598306
25598552
25598595
25599095
25599254
25599494
25600532
25601864
25601867
25601972
25603072
25603166
25603806
25604160
25604433
25605670
25605896
25605898
25606004
25607052
25607223
25607238
25608637
25608941
25608975
25609458
25609979
25610345
25610687
25610699
25610844
25611570
25611582
25612234
25613618
25614566
25615496
25616009
25616704
25616712
25617518
25617600
25618298
25618444
25619240
25619333
25619513
25619784
25619826
25619903
25619985
25620174
25621359
25621657
25621742
25621788
25623007
25623528
25624608
25625109
25625272
25625818
25626235
25626391
25626575
25627474
25628000
25628533
25628633
25629006
25629177
25629634
25629847
25630562
25630745
25630856
25631507
25632208
25632534
25632629
25633403
25634131
25634272
25635180
25635196
25635537
25635900
25636059
25636249
25636977
25637987
25638234
25638622
25638852
25639709
25642203
25642996
25643432
25643529
25644039
25644527
25644864
25645230
25645281
25645633
25646423
25646451
25646885
25647011
25647219
25647360
25647394
25647635
25647971
25648291
25649801
25651194
25651252
25651661
25652023
25652100
25652181
25652258
25652732
25653308
25653472
25655020
25655330
25655895
25656444
25656532
25657531
25658561
25658640
25658939
25659292
25659758
25661019
25661455
25661457
25662186
25662242
25662414
25662812
25662876
25663203
25663661
25664189
25665549
25666260
25667077
25667845
25668879
25668978
25669088
25669593
25670168
25670266
25671409
25671515
25672665
25672933
25673772
25674218
25674377
25674526
25674624
25675052
25675067
25675607
25675926
25676705
25676780
25676908
25677375
25677811
25678142
25678250
25678275
25678288
25679016
25679045
25679877
25681135
25681143
25681878
25681940
25682807
25682982
25683138
25683215
25683528
25684605
25685033
25685034
25685634
25686249
25687184
25687185
25687937
25688913
25689120
25689180
25691214
25691470
25692766
25693761
25694547
25695193
25695199
25695325
25697344
25697939
25697949
25698131
25698603
25700114
25700412
25700577
25700684
25701014
25701558
25702477
25703195
25703376
25703473
25704075
25704876
25707589
25707847
25707891
25707970
25708524
25708685
25709597
25710479
25710643
25710869
25711244
25712470
25712567
25712691
25712931
25713072
25713566
25714016
25714270
25714390
25715960
25716415
25716673
25717601
25717880
25717939
25719115
25719539
25720219
25721637
25722297
25722370
25724333
25724336
25724642
25726167
25726811
25727138
25727183
25727563
25731189
25731870
25732133
25732310
25732446
25733167
25735171
25736272
25736809
25737129
25737536
25738209
25738850
25739193
25739755
25740966
25741030
25741213
25741806
25743687
25743776
25744076
25744293
25745082
25745309
25745326
25745566
25745728
25746181
25746234
25746243
25746509
25746600
25747215
25747487
25747535
25748848
25749392
25749650
25749767
25750772
25752140
25752398
25752500
25752716
25752739
25754153
25754315
25754895
25755365
25755753
25755805
25757177
25757535
25758161
25758375
25758660
25759339
25759399
25759410
25759762
25759893
25760095
25760283
25760346
25760433
25760674
25762591
25762967
25763187
25763357
25764087
25765325
25765339
25765834
25766833
25767908
25769311
25769566
25770207
25770747
25771467
25774598
25774864
25774890
25775331
25776076
25776187
25777016
25778316
25779093
25779363
25779378
25779894
25781584
25782058
25782581
25782838
25782983
25783130
25783398
25784451
25785235
25785591
25785728
25787043
25787160
25787170
25787185
25787795
25788399
25788490
25789444
25789448
25790549
25790950
25791884
25792944
25793285
25793707
25794097
25794246
25794475
25795141
25795696
25795726
25796276
25796662
25796685
25797309
25797389
25798024
25798182
25798273
25799910
25800541
25800627
25801866
25802036
25802073
25802171
25802399
25803190
25804361
25804572
25804916
25806381
25806962
25807245
25807586
25808666
25808963
25809080
25809850
25809898
25809916
25810120
25810507
25810755
25811509
25811964
25812328
25813289
25813522
25813659
25815899
25816654
25817229
25817862
25818162
25818166
25818820
25819065
25819143
25819187
25819661
25819949
25820087
25820696
25821413
25821484
25821879
25823362
25824974
25825242
25825250
25825612
25826976
25829176
25829334
25831329
25831451
25832783
25832876
25833101
25833443
25834173
25834941
25835173
25835598
25836706
25836821
25837268
25837514
25837579
25837737
25838576
25839272
25839693
25840872
25841411
25841655
25842408
25843652
25844667
25845166
25846633
25846726
25847395
25848080
25848344
25849133
25849740
25849903
25852030
25852200
25852826
25854365
25854526
25854666
25855655
25856528
25856974
25857144
25857921
25859069
25859283
25859523
25859536
25859956
25860958
25861228
25863038
25864200
25865075
25865081
25865597
25865983
25867418
25868359
25868443
25868593
25868619
25868924
25870194
25870378
25870550
25871924
25871988
25872102
25872109
25872204
25872224
25872267
25872524
25873928
25873957
25874388
25875263
25876012
25877452
25878366
25878720
25878953
25879143
25879905
25880456
25881188
25882525
25882930
25883006
25884123
25884380
25885076
25885130
25886996
25887188
25887377
25887597
25887627
25887627
25888503
25888825
25889387
25889607
25889709
25889770
25890019
25890192
25890255
25890398
25890967
25891670
25891700
25891728
25891776
25891916
25892016
25892040
25892210
25892756
25893121
25893253
25895034
25895132
25895254
25895313
25895588
25895871
25897250
25898485
25900082
25900186
25900899
25901384
25902299
25903173
25904304
25904844
25905409
25905869
25905948
25906121
25906435
25906718
25906787
25906866
25906985
25907079
25907283
25908280
25908280
25908644
25909415
25910349
25910354
25910639
25911263
25912700
25913111
25913442
25914453
25914456
25914954
25915347
25915437
25916098
25916118
25916482
25917689
25918212
25919012
25920328
25920715
25921055
25921449
25921559
25921710
25922433
25922483
25922727
25923201
25923304
25923469
25924613
25924698
25925079
25925100
25925653
25926218
25926436
25926509
25927427
25927720
25927784
25928104
25928344
25928395
25928639
25929726
25931491
25931800
25932704
25933016
25933176
25933269
25933274
25934003
25934495
25936256
25936431
25936650
25936924
25937283
25938024
25938038
25938757
25940116
25940332
25940899
25942022
25942067
25942311
25942594
25942871
25943009
25943065
25943754
25943797
25945663
25945823
25946384
25946531
25947605
25947640
25947746
25948754
25948852
25948879
25948961
25949151
25949238
25949374
25950375
25951671
25952377
25952503
25952588
25952655
25953081
25953475
25954081
25954424
25954633
25955901
25956656
25956806
25957396
25957680
25958177
25959426
25959654
25960223
25960650
25960997
25961243
25961625
25961781
25961954
25962362
25962706
25962989
25963121
25963624
25963920
25964519
25965407
25965436
25965794
25965823
25966096
25967868
25968845
25968859
25969057
25970172
25970519
25970935
25972030
25972710
25973039
25973109
25973447
25974409
25974817
25975817
25975954
25976200
25977855
25978284
25978483
25979212
25980343
25981121
25981222
25981433
25982092
25982432
25983099
25983175
25983698
25985565
25986108
25986302
25987022
25987265
25987554
25987576
25988565
25989555
25989841
25990136
25990733
25991447
25991448
25991802
25992231
25993372
25993583
25994138
25994518
25994616
25995310
25995367
25995483
25995591
25995677
25996124
25996698
25997448
25997865
25998644
25998808
25999268
26000217
26000458
26001215
26001729
26002762
26003334
26004191
26004704
26005273
26005686
26005733
26006784
26006913
26008099
26008786
26008937
26009465
26009624
26011291
26011981
26012761
26013003
26013501
26014929
26014988
26015150
26015675
26018094
26018681
26019286
26020139
26020382
26020857
26021311
26023997
26024282
26024424
26025126
26025664
26026764
26026792
26027044
26028024
26028244
26028600
26028722
26030506
26031737
26032458
26032737
26033598
26034233
26035088
26036168
26036644
26038531
26038545
26038618
26038848
26038895
26039163
26039975
26040551
26041017
26041361
26041615
26041730
26041857
26042747
26043522
26043718
26043740
26043851
26043912
26044071
26044463
26045238
26045851
26046209
26046564
26047107
26047527
26047839
26047963
26049137
26050682
26050854
26051247
26051379
26052203
26052481
26052561
26052679
26053045
26053367
26053731
26054459
26055385
26055548
26055724
26056387
26056469
26056837
26057096
26057661
26057888
26057990
26058627
26058972
26059063
26059612
26059996
26061234
26061241
26061662
26061846
26062192
26062446
26062617
26062768
26063331
26063362
26064093
26064295
26064849
26064936
26066400
26066502
26066948
26066978
26067310
26067724
26068693
26069876
26070015
26070223
26070234
26070522
26071274
26071364
26071832
26072159
26072665
26073692
26073713
26073790
26073824
26074353
26074389
26075074
26075482
26075749
26075753
26076333
26076496
26076735
26077114
26077224
26078061
26078688
26078762
26079443
26080154
26080655
26081840
26082362
26083780
26084273
26084389
26085701
26086520
26086731
26086826
26086994
26087337
26089631
26091337
26091531
26091897
26091973
26092023
26092042
26092062
26093908
26093963
26094440
26094839
26094858
26095445
26095670
26096419
26097120
26097331
26099631
26099787
26100925
26100985
26101458
26102650
26103637
26103718
26104036
26104132
26105403
26105672
26106824
26107021
26107512
26107662
26108027
26108532
26110003
26110330
26111078
26111297
26112681
26114337
26115944
26116129
26116724
26116773
26116807
26116903
26117890
26118219
26118417
26118556
26119012
26119283
26120885
26120903
26121246
26121381
26121652
26121839
26121904
26123066
26123538
26123670
26124467
26125557
26125664
26125810
26126626
26127108
26127755
26128558
26128572
26128899
26129430
26129502
26129964
26130117
26130429
26130487
26130796
26131359
26131547
26132719
26132907
26133646
26134035
26134160
26134573
26134653
26134684
26135375
26135388
26135717
26136026
26136813
26137085
26138354
26138449
26138773
26139360
26139394
26139566
26139584
26141802
26142002
26142527
26143451
26143795
26143840
26143956
26144090
26144407
26144564
26144740
26145076
26145536
26146020
26146357
26146748
26146936
26147055
26147512
26147530
26148278
26148380
26149651
26149724
26150742
26150938
26152033
26152249
26152294
26152457
26152809
26153088
26153471
26154349
26154546
26154983
26155581
26156243
26159171
26159195
26160033
26160059
26160121
26160517
26160620
26161150
26161289
26161694
26162064
26162103
26162587
26162839
26162851
26163149
26164261
26164604
26164711
26165209
26165316
26166154
26166254
26166404
26166711
26167145
26167216
26167831
26167833
26168031
26168175
26169365
26169366
26170344
26170813
26170945
26171066
26171146
26171810
26171819
26171948
26172125
26172494
26172614
26173079
26173536
26173572
26174994
26177598
26179256
26180556
26181408
26181778
26182471
26182913
26183025
26183280
26183481
26184363
26184430
26184908
26185052
26185848
26186298
26187585
26188019
26188055
26189367
26189480
26189837
26189985
26190181
26190295
26190480
26190845
26190876
26191652
26191887
26191889
26192170
26193386
26193864
26193979
26194071
26194667
26194912
26194946
26195447
26196941
26197551
26198362
26198797
26198870
26199092
26199689
26200072
26201316
26201359
26202061
26202100
26202345
26202986
26203432
26203627
26204125
26204140
26204238
26205193
26206657
26207224
26207268
26209079
26209158
26209761
26210461
26211358
26212096
26212096
26213147
26213832
26214168
26214425
26214472
26214778
26214956
26215743
26216004
26216953
26217082
26221091
26221478
26222043
26222625
26224498
26224761
26225007
26225588
26225794
26226246
26227254
26227384
26227774
26228560
26228762
26229663
26230065
26230962
26232153
26232357
26232673
26233286
26233581
26233756
26235801
26236136
26238541
26238925
26239215
26239636
26240071
26241088
26241212
26241552
26242473
26242782
26244029
26245746
26246189
26246731
26248952
26249067
26249523
26249785
26250080
26250363
26250476
26250560
26251034
26252280
26252838
26252858
26253044
26253442
26255462
26256982
26257397
26257643
26257649
26258499
26258527
26259109
26260843
26261328
26261330
26262513
26264188
26264364
26264561
26264922
26265157
26265653
26266352
26267201
26267966
26268080
26268688
26268774
26268870
26269204
26269367
26269523
26270328
26271572
26271814
26271915
26272763
26273857
26273969
26274091
26274648
26275082
26275455
26275663
26276064
26276114
26276604
26276905
26277623
26278589
26279119
26279524
26280175
26280267
26280790
26281192
26282128
26282450
26284022
26284184
26284240
26284447
26284514
26284978
26285600
26285799
26286665
26287818
26287905
26288583
26288653
26288873
26289145
26289241
26289856
26289907
26290373
26290499
26290873
26291141
26292112
26293050
26293893
26293924
26294490
26294839
26294881
26295341
26297125
26299262
26299694
26300899
26301305
26302452
26302585
26302940
26303578
26304137
26304467
26304501
26304748
26304825
26306233
26306244
26306786
26307045
26307129
26307199
26307874
26308027
26308114
26309071
26309624
26309768
26309843
26311191
26311323
26311482
26312347
26312459
26313350
26313561
26314185
26314286
26314419
26314769
26315058
26315109
26316287
26316304
26317606
26318125
26318207
26318827
26319028
26319364
26319619
26319775
26320120
26320390
26320667
26322928
26323233
26323423
26323986
26324296
26324668
26325637
26325720
26325795
26326026
26327564
26329515
26329985
26330187
26330450
26330496
26330661
26330878
26330886
26331449
26332449
26332558
26332582
26333433
26334223
26334790
26335058
26335067
26335623
26335826
26336266
26337725
26337740
26337941
26338735
26338964
26339628
26339959
26340219
26341721
26341962
26342967
26343648
26344435
26344650
26345201
26345453
26345652
26345946
26346087
26346233
26346668
26347574
26348188
26348188
26348267
26348383
26348814
26349329
26350427
26350810
26350845
26351427
26351525
26352255
26352298
26352701
26353154
26353609
26353799
26354072
26356234
26356998
26357366
26357591
26357813
26357879
26360611
26360703
26360858
26361562
26362278
26362328
26362341
26362455
26362553
26363512
26363661
26364668
26365180
26365502
26365590
26366021
26366920
26368829
26369499
26370328
26372143
26372630
26372786
26376273
26376622
26376846
26377545
26377705
26379090
26379185
26379938
26380392
26381061
26381255
26381827
26381979
26382240
26383129
26383237
26383273
26383573
26383789
26384389
26384750
26384819
26385416
26386803
26386936
26390744
26391685
26393622
26393637
26394220
26394465
26395918
26396791
26396811
26396884
26396933
26397547
26397613
26397879
26398552
26398702
26398728
26399436
26399849
26399953
26400107
26400626
26401192
26402173
26402577
26402771
26403143
26403622
26403895
26404480
26404736
26404749
26405019
26405130
26405551
26406483
26406577
26406633
26406667
26406889
26406894
26407690
26407760
26408042
26408072
26408779
26408862
26409151
26409456
26409588
26409875
26410001
26410725
26411046
26411133
26411157
26411245
26411742
26412212
26412229
26412317
26412396
26412460
26412785
26413483
26414137
26414237
26414426
26415326
26415977
26417740
26417919
26417926
26418046
26418349
26418443
26418642
26418760
26418877
26419996
26420142
26420395
26420589
26420777
26420991
26422174
26422820
26423346
26424021
26424219
26424323
26424473
26424567
26424655
26424938
26425184
26425327
26427984
26428411
26429038
26429127
26431168
26431198
26431478
26431809
26432071
26432461
26433082
26433207
26433635
26433765
26434275
26434746
26434866
26435095
26435118
26435567
26436369
26436411
26436692
26436706
26437225
26437442
26437919
26438040
26438590
26438633
26438993
26439080
26439508
26440144
26441696
26441994
26443650
26443680
26443886
26444519
26444663
26445015
26446383
26446922
26447882
26448272
26448314
26448884
26449131
26450533
26451256
26452342
26452439
26452642
26453007
26453559
26453568
26453626
26454048
26454435
26454471
26455103
26455917
26456835
26457671
26457725
26459610
26459761
26460264
26460364
26460431
26460544
26460970
26461607
26461696
26461906
26461971
26462321
26462489
26462806
26463584
26463653
26463934
26463959
26464795
26464849
26466214
26466921
26468200
26468501
26468717
26469471
26470419
26472541
26472632
26473211
26473440
26475756
26476725
26477095
26477321
26477831
26477905
26478426
26478443
26479275
26479401
26479483
26479912
26480260
26480261
26480742
26481236
26481640
26481721
26482618
26482719
26484118
26484632
26485626
26487622
26487719
26488216
26488479
26488548
26489031
26489239
26489250
26489828
26490050
26490668
26491196
26491270
26492193
26492263
26493257
26494095
26494115
26494385
26494597
26495197
26495733
26495834
26496059
26497339
26497386
26498078
26498773
26498828
26498983
26499124
26499391
26499717
26499919
26500031
26500497
26501815
26502510
26502610
26502622
26502745
26504504
26505492
26507414
26508485
26508859
26509920
26510701
26511143
26511553
26512087
26512411
26512621
26512685
26512780
26513621
26513788
26514891
26515359
26515447
26516544
26516598
26516754
26517434
26517467
26518141
26519422
26519447
26520098
26520874
26521272
26521521
26522902
26523436
26523697
26524235
26524842
26525082
26525307
26525350
26527349
26527734
26528079
26528331
26528406
26528489
26529258
26530121
26530139
26531010
26531589
26532089
26534032
26534643
26535084
26535832
26535957
26536052
26536521
26537023
26537909
26538346
26538623
26538952
26539276
26540653
26540883
26541968
26543179
26543491
26546197
26546467
26546745
26547421
26547860
26547945
26548854
26549045
26549206
26549276
26549743
26549852
26549882
26550558
26550604
26550759
26550768
26551012
26551277
26551281
26551287
26551946
26552007
26552448
26553649
26554049
26554081
26554176
26555131
26555152
26556537
26556597
26557915
26558909
26559145
26559520
26559682
26559965
26560037
26560565
26562586
26562674
26562975
26563033
26563972
26564950
26565677
26565884
26566017
26566441
26566873
26566993
26568675
26569040
26569935
26569967
26570262
26570290
26570334
26570341
26570363
26570679
26571486
26572546
26572710
26572973
26573295
26574238
26574252
26575442
26575610
26576171
26576474
26576477
26576503
26576572
26577242
26578242
26578268
26578528
26578667
26578915
26579226
26580054
26580096
26580157
26580185
26580270
26582897
26583326
26583342
26583347
26584098
26584611
26584752
26584836
26585550
26585973
26586003
26586651
26586800
26586826
26587140
26588929
26589479
26590073
26590111
26590318
26590842
26591242
26592772
26593212
26593337
26593698
26594537
26594873
26595181
26595241
26596030
26596157
26598198
26598566
26598580
26599972
26601529
26601544
26603611
26604997
26605305
26605693
26606534
26607758
26607871
26608208
26608967
26609191
26609348
26610691
26611635
26611906
26613849
26614632
26614803
26615466
26616637
26616764
26617300
26618294
26620669
26621494
26621515
26621671
26622027
26622293
26623223
26624931
26625256
26625677
26625735
26625789
26626009
26626062
26627507
26628009
26628108
26628262
26628284
26628667
26628760
26630150
26630560
26631702
26632532
26632710
26632737
26632954
26633567
26634431
26635395
26635706
26636811
26637007
26639594
26639603
26639825
26639991
26640157
26640441
26641703
26642221
26644310
26644312
26644603
26644638
26645984
26646305
26646435
26646626
26647238
26647270
26649121
26649172
26649257
26649291
26649297
26649389
26649606
26650788
26651100
26651205
26651385
26652378
26652684
26652902
26654255
26654295
26654429
26654581
26654792
26655088
26655088
26655792
26656436
26656665
26656728
26656805
26656850
26657559
26659125
26660009
26660240
26660605
26660731
26660951
26661310
26662004
26662265
26663329
26663365
26663386
26663409
26663665
26663667
26663837
26664208
26664331
26664461
26664554
26664589
26665627
26665857
26667832
26668945
26669320
26670711
26671028
26672091
26672529
26675728
26676328
26677427
26677920
26679233
26679914
26680730
26680993
26681760
26682480
26682629
26682911
26683201
26683686
26683916
26684747
26684920
26685865
26685878
26687037
26687677
26688000
26688403
26688445
26688970
26689025
26689354
26690801
26691351
26692374
26692510
26693850
26694772
26695137
26696960
26697408
26697885
26698426
26699576
26700630
26701309
26701778
26702488
26702500
26703805
26704085
26704236
26704356
26704538
26704821
26704968
26705249
26705463
26705711
26705740
26706111
26706684
26707034
26707603
26707838
26708683
26708828
26709391
26709728
26710768
26710979
26711411
26712582
26713318
26713336
26713893
26714349
26714932
26716793
26718162
26718731
26720529
26722429
26722708
26722791
26722971
26723323
26723454
26723572
26724190
26724599
26724827
26724876
26725625
26726387
26726582
26726942
26727293
26727426
26727575
26728165
26728549
26729810
26731370
26731387
26732532
26732621
26733116
26733943
26734053
26734461
26735853
26736040
26736277
26737663
26737715
26737771
26738209
26738722
26739212
26739262
26739298
26739329
26739359
26739452
26739938
26740344
26741330
26741621
26741714
26741938
26742463
26744375
26744436
26744754
26745289
26745574
26745768
26745951
26746162
26746286
26746350
26747430
26747503
26747926
26748660
26749222
26749571
26749772
26750594
26751016
26751134
26751402
26751511
26751694
26751714
26753411
26753416
26753692
26754225
26754458
26754474
26754737
26754863
26755337
26756161
26756184
26756715
26757284
26757495
26758005
26758661
26759426
26759864
26759958
26760640
26760782
26761057
26761637
26761660
26762058
26762690
26762940
26763022
26763718
26764938
26765640
26766025
26766040
26766351
26766451
26767393
26768078
26768484
26768826
26768839
26769002
26769970
26770422
26770567
26771318
26771466
26771539
26772076
26772920
26773684
26774505
26774632
26775329
26775339
26775424
26776046
26778258
26779268
26779709
26779832
26780205
26780915
26781353
26781406
26782384
26782721
26784480
26785299
26785349
26785427
26785714
26785806
26785869
26785988
26787471
26787711
26788293
26788822
26789523
26790375
26790781
26790812
26790978
26791025
26791743
26792077
26792115
26792194
26792948
26793522
26794991
26795028
26795721
26796099
26796428
26796907
26796953
26797212
26797809
26798702
26798825
26799083
26799213
26799591
26799600
26799926
26801252
26801782
26802385
26802771
26803073
26803122
26803295
26803377
26804251
26804827
26805549
26805792
26806118
26806217
26806726
26806847
26807500
26810783
26811292
26811414
26811450
26811902
26812010
26812706
26813427
26813502
26813717
26813813
26814039
26814754
26814854
26815535
26815732
26816238
26816443
26816640
26816665
26817329
26818056
26818177
26818549
26819271
26819974
26820055
26820315
26820436
26821280
26822139
26823134
26823605
26824052
26824846
26825722
26826521
26827160
26827592
26828494
26829027
26829283
26829681
26831599
26832872
26834042
26834186
26835324
26835591
26836001
26836425
26837115
26837229
26837371
26837858
26838627
26840646
26841043
26841637
26842102
26842500
26842542
26842657
26843195
26843535
26843981
26844200
26844332
26844444
26844897
26845036
26845114
26845177
26845455
26845558
26845583
26845693
26846058
26846870
26847240
26847826
26848138
26848571
26849088
26849188
26849409
26851190
26851694
26851714
26852643
26852773
26853282
26853802
26854105
26854359
26854709
26854764
26855202
26856153
26856447
26856486
26858054
26858431
26858483
26858595
26860147
26861136
26861901
26864145
26864391
26864404
26865639
26865722
26866456
26866468
26866778
26867259
26867979
26868308
26868658
26868695
26869070
26869174
26869426
26869973
26871393
26872513
26872862
26873299
26873401
26875480
26876109
26876213
26876369
26876772
26877102
26877409
26877839
26879425
26879820
26880171
26880481
26880690
26881227
26881922
26882737
26882861
26883743
26884382
26884516
26886058
26886096
26886590
26888064
26888464
26888657
26889033
26889993
26890092
26890863
26891181
26891273
26892448
26892498
26894896
26894959
26895154
26895373
26895703
26895933
26896219
26896560
26896915
26896987
26897264
26897448
26898572
26899067
26899211
26900028
26900762
26901756
26901779
26901845
26902042
26902795
26902882
26903342
26903759
26904002
26904672
26905919
26906180
26907191
26908102
26908244
26908387
26908692
26909560
26909637
26910142
26910390
26910613
26910698
26910790
26910838
26911032
26911209
26911720
26911749
26912118
26912147
26912501
26913092
26914008
26914310
26914322
26915507
26916209
26916420
26916559
26917283
26918160
26918807
26918817
26918994
26919393
26919992
26920327
26921993
26922761
26922832
26922899
26923126
26924530
26928510
26928725
26929675
26930498
26931335
26932121
26932514
26933239
26934653
26935166
26935487
26935535
26935892
26935939
26936467
26936708
26936780
26937602
26938045
26939112
26939735
26939856
26940012
26940585
26941025
26941864
26943357
26944084
26944089
26944228
26944904
26945753
26945801
26946132
26946704
26947045
26947157
26947628
26947739
26947819
26950533
26950883
26951326
26951832
26952375
26953498
26956570
26956924
26957177
26957201
26957340
26958496
26958885
26959138
26960496
26960892
26961980
26963147
26963356
26963366
26963485
26964063
26964275
26964306
26964538
26965255
26965543
26965619
26966026
26966323
26967013
26967179
26967350
26967431
26967500
26969394
26969940
26970293
26970504
26971711
26971746
26972054
26972529
26972810
26972862
26972981
26973090
26973265
26973281
26973969
26975881
26976020
26976058
26976466
26976807
26976869
26977475
26977583
26978042
26978061
26978326
26978352
26979373
26981076
26982204
26982394
26982480
26982956
26983015
26983437
26984057
26984139
26984389
26985541
26986860
26987111
26987142
26987149
26988071
26988888
26990541
26990917
26991452
26992273
26992746
26993412
26993577
26994255
26994356
26995946
26996450
26996581
26997019
26997040
26997584
26997598
26998125
26998548
26999761
27000047
27000190
t,2018,5,18,16,8,55,27000867
27001645
27002087
27002153
27002622
27002875
27004005
27004045
27004178
27004541
27004589
27005031
27005945
27006957
27008646
27009033
27009531
27009577
27009673
27009796
27010192
27010312
27011148
27011603
27011641
27011879
27012219
27012242
27012810
27013075
27013811
27014204
27014552
27014800
27016828
27017719
27018801
27018861
27019204
27019233
27019241
27019472
27019494
27019996
27020156
27020498
27020595
27020826
27021402
27021440
27021574
27022154
27022550
27023001
27023211
27023767
27024342
27025059
27025191
27027101
27027527
27027553
27028151
27030076
27030167
27030177
27030426
27030470
27030812
27031153
27031263
27031749
27031759
27031909
27032216
27032242
27032352
27032876
27033168
27033786
27034460
27034914
27035529
27035982
27036428
27037175
27037521
27037761
27038180
27039793
27039836
27040134
27040456
27040880
27041034
27041361
27041723
27042539
27042862
27043170
27043588
27044698
27045135
27046107
27046522
27046870
27046924
27049620
27049776
27050090
27050150
27050162
27050848
27051068
27051717
27052376
27052490
27053113
27053959
27054041
27054279
27054319
27054466
27055182
27055368
27055423
27055502
27055562
27055831
27056583
27056837
27057201
27057552
27058091
27058279
27058526
27059205
27060109
27060715
27060965
27062013
27062937
27063806
27064878
27065367
27065751
27066086
27066152
27066913
27067633
27067814
27068231
27068869
27069802
27070800
27070960
27071310
27071665
27072542
27072657
27073189
27073772
27075654
27076231
27076258
27076466
27077701
27078928
27079079
27079269
27079693
27080118
27081204
27082196
27082598
27084104
27084360
27085315
27087421
27087456
27088096
27088253
27088302
27089703
27094432
27097312
27097785
27098121
27098857
27099388
27100243
27100310
27100890
27103173
27103912
27104327
27104567
27105543
27105645
27105832
27106121
27107294
27107854
27108516
27109254
27109281
27111108
27111139
27111508
27112106
27112242
27112286
27112295
27112698
27113456
27113994
27114613
27114708
27114913
27114969
27115659
27115953
27115973
27117204
27117895
27118204
27118254
27118935
27119826
27120599
27120653
27121440
27121874
27122703
27122753
27123224
27123808
27124472
27125155
27125342
27126775
27127192
27127488
27127651
27128603
27128798
27129222
27130375
27130757
27130810
27131226
27131302
27131439
27131674
27131896
27132546
27133012
27133047
27133213
27133723
27134290
27134457
27134607
27134919
27135261
27135781
27135797
27136702
27136711
27137526
27138642
27140333
27141053
27141269
27141350
27141450
27142697
27143279
27143454
27143607
27144666
27144866
27145167
27145362
27145502
27145564
27146736
27146875
27147042
27147176
27147710
27147975
27150073
27150506
27150707
27153072
27154103
27154284
27154411
27154533
27155126
27156574
27156606
27157146
27157368
27157647
27158165
27158548
27158672
27159247
27159337
27159958
27161073
27161737
27162218
27163559
27163749
27164942
27165004
27165172
27165327
27166011
27166012
27166049
27168146
27168474
27168488
27168587
27169530
27169642
27170206
27170258
27170276
27171105
27171381
27173393
27174114
27174671
27174774
27174896
27174922
27175513
27175564
27178445
27178657
27179964
27180338
27180733
27181495
27182057
27182720
27183928
27184471
27184636
27184806
27185103
27185172
27186027
27186225
27186707
27187627
27189045
27189897
27190343
27190703
27190882
27191328
27191548
27192296
27192587
27192605
27192685
27194523
27194577
27194599
27195211
27196120
27196154
27196359
27197005
27197670
27197768
27197905
27198900
27199263
27199399
27199402
27200023
27200482
27202353
27202603
27202747
27202832
27203111
27203756
27203800
27204425
27205202
27205203
27206201
27207362
27207518
27207956
27208856
27209481
27209811
27209928
27209997
27210205
27210257
27210741
27212440
27213417
27213620
27213827
27215178
27216400
27217026
27217317
27217415
27218526
27218970
27219425
27219576
27220997
27222475
27222569
27222992
27223056
27223783
27224334
27224710
27225045
27225152
27225466
27225772
27225946
27226226
27227404
27227721
27228051
27228084
27228386
27228690
27228746
27228917
27229044
27229047
27229113
27229244
27229807
27229821
27229822
27230036
27230611
27231045
27231450
27231711
27232445
27232610
27233096
27233618
27233885
27233985
27234313
27234592
27234626
27234626
27235232
27235663
27236348
27236530
27237698
27238421
27238750
27240260
27240841
27240911
27240994
27242855
27243215
27243232
27243298
27243381
27243648
27243750
27243889
27244780
27247049
27247968
27248036
27248417
27249586
27250116
27251581
27251908
27251933
27252427
27252480
27252824
27253520
27254186
27254530
27254883
27255112
27255228
27255607
27255822
27256372
27256542
27256578
27257481
27257932
27258725
27259094
27259343
27260156
27260616
27261157
27261650
27262947
27263175
27263869
27263911
27263921
27264084
27265164
27265909
27266188
27266532
27266999
27267117
27267448
27267450
27267907
27268424
27268980
27269068
27269492
27269864
27270060
27270808
27271274
27271464
27271582
27271729
27271781
27272046
27272215
27272364
27274061
27274544
27275121
27275860
27276529
27277243
27277513
27277604
27278141
27278462
27278478
27279038
27279691
27279800
27280860
27282156
27282263
27283678
27283789
27284274
27285683
27286217
27286932
27287225
27287925
27288926
27289274
27290070
27290636
27291310
27291544
27291564
27291795
27291831
27292192
27292815
27292820
27293418
27294006
27294971
27295368
27295746
27295864
27296173
27296751
27297525
27297930
27298040
27298066
27298681
27298955
27299027
27299303
27300927
27301241
27301664
27302560
27304568
27304864
27305058
27305726
27305732
27305900
27305955
27306715
27307132
27307182
27308043
27308050
27309414
27309743
27311867
27311871
27311930
27312263
27312960
27313103
27314088
27314340
27314479
27314955
27315128
27315285
27315295
27315387
27315396
27317433
27317786
27317825
27318143
27319419
27319570
27320657
27321738
27321748
27322494
27324072
27324077
27324614
27324722
27325666
27325759
27325907
27326547
27326765
27326895
27327217
27327275
27327576
27328077
27329534
27330161
27330469
27330470
27330973
27331093
27331381
27332003
27332370
27332725
27332804
27333253
27333278
27333375
27333441
27333592
27333830
27333953
27334118
27334805
27335172
27335194
27335477
27335740
27336818
27336917
27337027
27337302
27338090
27338515
27339298
27339304
27340735
27341115
27343209
27343238
27343403
27343930
27343945
27344331
27344371
27344685
27344973
27345664
27345987
27346027
27346103
27346142
27346406
27346508
27346754
27348067
27349731
27349987
27350899
27351453
27351484
27351737
27351982
27352092
27352385
27353030
27353367
27354962
27355102
27355181
27355603
27355989
27357600
27357714
27357907
27358201
27358281
27358433
27359369
27359434
27359559
27359576
27360728
27361423
27361501
27361528
27361701
27361710
27361992
27362865
27363669
27363787
27364521
27364533
27365508
27365604
27365613
27366354
27368177
27368286
27369034
27369382
27370325
27370502
27370702
27370750
27371202
27372629
27374753
27375028
27375316
27377793
27377850
27378286
27378417
27378880
27381499
27381633
27383405
27383959
27385064
27385439
27386111
27386441
27386947
27387468
27388687
27388937
27389229
27389528
27389932
27390471
27390599
27390676
27391126
27393563
27394019
27394210
27394335
27394853
27394908
27395773
27397880
27398058
27398229
27398250
27398525
27398979
27399454
27400283
27400480
27402807
27403257
27403321
27403627
27403802
27403930
27405420
27405759
27407130
27407329
27407478
27408430
27409081
27409401
27409606
27409891
27410142
27410469
27410647
27411131
27411146
27411173
27412161
27412475
27412579
27412980
27414139
27414278
27414462
27414870
27415623
27415980
27416604
27416619
27416782
27417946
27419894
27419962
27419969
27421445
27421869
27422042
27422428
27422596
27423314
27423573
27423605
27424018
27424069
27424398
27424589
27425018
27425095
27425450
27425837
27426404
27427026
27427198
27427479
27427592
27428696
27429358
27429408
27429974
27430703
27430811
27430961
27431677
27432025
27432027
27432597
27433508
27433645
27433650
27433699
27434297
27434552
27434661
27434777
27435566
27435774
27435820
27435960
27436636
27436983
27437600
27437804
27438118
27438219
27438391
27438742
27438885
27440149
27440907
27441550
27441923
27443192
27443467
27443715
27443980
27444119
27444379
27446004
27446430
27446935
27447405
27447436
27447920
27448416
27448946
27450393
27450995
27451555
27451563
27451763
27452262
27452313
27452636
27452641
27452945
27454018
27454133
27454269
27455214
27456667
27456890
27457017
27457420
27457591
27458190
27458580
27458698
27458710
27458916
27458931
27458999
27459140
27459495
27459591
27460384
27460806
27461620
27461981
27463920
27463933
27464451
27465032
27466075
27466154
27466440
27466536
27466625
27466843
27467233
27467481
27467847
27467872
27468176
27468674
27469651
27469744
27470478
27471043
27471169
27471594
27472083
27472228
27472679
27472929
27473532
27473834
27474929
27475281
27475947
27476086
27476159
27477426
27477525
27478024
27478366
27478600
27479119
27480052
27480536
27480982
27481048
27481777
27482056
27482832
27483516
27483902
27484058
27484504
27486590
27488580
27489714
27491304
27492445
27492740
27492882
27493801
27494379
27494680
27495164
27495354
27495434
27497198
27497510
27498198
27498565
27498730
27499282
27500576
27501226
27501950
27502813
27502869
27503075
27503550
27504237
27504459
27504667
27504713
27504727
27506300
27506453
27506962
27508593
27508866
27509285
27509361
27509583
27509922
27510013
27510484
27511856
27511945
27512120
27512267
27512475
27513117
27513323
27513723
27515389
27515474
27515726
27516113
27516467
27516632
27516705
27517780
27518433
27519418
27521130
27523709
27524062
27525213
27525841
27525998
27526384
27526633
27526866
27527509
27528376
27528574
27528606
27529279
27529352
27529418
27530504
27530819
27532393
27533550
27533884
27534761
27534791
27535615
27535616
27535970
27536071
27536079
27536991
27537039
27537222
27537934
27538084
27539349
27539416
27539912
27540184
27541091
27541413
27541835
27541947
27542084
27542366
27543246
27544197
27544592
27544951
27545027
27545059
27547049
27547214
27548034
27548645
27549726
27549936
27550985
27551067
27551077
27551278
27551832
27552799
27553185
27553926
27554189
27555550
27556015
27556508
27557428
27558352
27558850
27560744
27561226
27561764
27562375
27563160
27563314
27564102
27564226
27564459
27564681
27565146
27565972
27566314
27567472
27567655
27567718
27567784
27567918
27568151
27568238
27568342
27568975
27569162
27569813
27570240
27570947
27571139
27571640
27571878
27572972
27573288
27574234
27574688
27575400
27577019
27577068
27577078
27577920
27579674
27581208
27581493
27581593
27582999
27584080
27584417
27584911
27585042
27585739
27586658
27586918
27588316
27588483
27588735
27591007
27591114
27591229
27591993
27592829
27593408
27594039
27595391
27595459
27596184
27596324
27597401
27599052
27600090
27600310
27600549
27600725
27601705
27602139
27602316
27603173
27603510
27603703
27604430
27604660
27605202
27605537
27605957
27606133
27606546
27606803
27606829
27608328
27609262
27609286
27609434
27609718
27610083
27610534
27610560
27611055
27611093
27611229
27611723
27611738
27611942
27612451
27613751
27613960
27614310
27614821
27615414
27616014
27616150
27616177
27616555
27616737
27617394
27617568
27617593
27618773
27619257
27619524
27619701
27619948
27620272
27620347
27620810
27621282
27621491
27621764
27621774
27621834
27622352
27623366
27623415
27624334
27624654
27625305
27625779
27625980
27628838
27629182
27629204
27629719
27631812
27632116
27632194
27632953
27634960
27635360
27635957
27636212
27636257
27636333
27637103
27637240
27637477
27637555
27637583
27638017
27638507
27639023
27639158
27639225
27640628
27641087
27641936
27642204
27642256
27643035
27643460
27644027
27644156
27644408
27644475
27645759
27646628
27646945
27648192
27648298
27648339
27648771
27649242
27649863
27650100
27650619
27650994
27651658
27651805
27652235
27653106
27653950
27654065
27655262
27655400
27655848
27656905
27657248
27657460
27657552
27657627
27658242
27658921
27658928
27658949
27658968
27659315
27660346
27661093
27661584
27661696
27662829
27662913
27663003
27663464
27664191
27664371
27664587
27665194
27666724
27668146
27668488
27669066
27669576
27669590
27670043
27671777
27672455
27672637
27672689
27672757
27673134
27674139
27674543
27674805
27675578
27676407
27678941
27679115
27679117
27680478
27680862
27680912
27681353
27681752
27682192
27682899
27683189
27683956
27685913
27686097
27686410
27686761
27687015
27687034
27687495
27687517
27687577
27689572
27690175
27690318
27690640
27690868
27691488
27691522
27691579
27691717
27691856
27693128
27693517
27693846
27695450
27696403
27696523
27696931
27697224
27697261
27699140
27699162
27701175
27701264
27701512
27701890
27702063
27702180
27702384
27703986
27704239
27705541
27705673
27706672
27706735
27707797
27708415
27708723
27710481
27711902
27712564
27712711
27712893
27713601
27713919
27714053
27714290
27714908
27716043
27716133
27716626
27717291
27717323
27717929
27718461
27719556
27720267
27720275
27721063
27721349
27721439
27722305
27722692
27722766
27723344
27723362
27724056
27724209
27724299
27724800
27724845
27725431
27726556
27727507
27728590
27728676
27729352
27729978
27731802
27732321
27732396
27732669
27733016
27733129
27733132
27733265
27734274
27734551
27734735
27736412
27736486
27737130
27737317
27737365
27737507
27737653
27738526
27739527
27740499
27741483
27742120
27742609
27743819
27743885
27744192
27744489
27744756
27747536
27748981
27749365
27749448
27749541
27749666
27749849
27750072
27750852
27751396
27751964
27753457
27754148
27754179
27754252
27755269
27755612
27755824
27755868
27757002
27757314
27758116
27758205
27758399
27758670
27758880
27759496
27759841
27759863
27760493
27760779
27760994
27761471
27761659
27761910
27762816
27763157
27763539
27763543
27763544
27763720
27763820
27763915
27764182
27764745
27765120
27766920
27767106
27767797
27768022
27768124
27768185
27768517
27770274
27772468
27772581
27772671
27772758
27772897
27773515
27773524
27773577
27773693
27773752
27774109
27774319
27774561
27774728
27774982
27775537
27775606
27775710
27776980
27778189
27778302
27778538
27778728
27778927
27778941
27779376
27779630
27779680
27781272
27782329
27782589
27783044
27783274
27783371
27783530
27783623
27783916
27783938
27784876
27785592
27785865
27786518
27786674
27787361
27788023
27788188
27788665
27789163
27790209
27791162
27791374
27792368
27792390
27792683
27793404
27793843
27796176
27796572
27796910
27797147
27798039
27798437
27798649
27798982
27799382
27799462
27799540
27800131
27800368
27801049
27801093
27801163
27802364
27802500
27802666
27803310
27803901
27805237
27805460
27805755
27806038
27806345
27807369
27807371
27807812
27808170
27808276
27808493
27809417
27809453
27810539
27811868
27813972
27814031
27814173
27814183
27814324
27815790
27815952
27816301
27816395
27816769
27817462
27818363
27818665
27819292
27819911
27820222
27820355
27821377
27822215
27822240
27822866
27822971
27823812
27823898
27824113
27824164
27824677
27824704
27826191
27826204
27826676
27827674
27827878
27828467
27828887
27829365
27829460
27831270
27831666
27831867
27831985
27832654
27832673
27832688
27832763
27832803
27833188
27833931
27833957
27834755
27834773
27835154
27836711
27836944
27837529
27837800
27838602
27839182
27839666
27839852
27839866
27840552
27841066
27841125
27841547
27842485
27843435
27843871
27844043
27844055
27844688
27844825
27845560
27846656
27846907
27847436
27848942
27849621
27849639
27849774
27850145
27850394
27850418
27850807
27851166
27851357
27852720
27853037
27853380
27853766
27853900
27855667
27856007
27856636
27856992
27857213
27857340
27857684
27858139
27858643
27858956
27859443
27859630
27859754
27860517
27861709
27861811
27862037
27863431
27865291
27865546
27866613
27867354
27867675
27868549
27868586
27869449
27870071
27870206
27870270
27870404
27870425
27871311
27871381
27871507
27871802
27872765
27872944
27873029
27873065
27873527
27873684
27874501
27874867
27875023
27876274
27876756
27876992
27877952
27878317
27878352
27878358
27879552
27879793
27880038
27880579
27881052
27882073
27883023
27883128
27883128
27883249
27883731
27883776
27883935
27884146
27884636
27885807
27885865
27886261
27886597
27886715
27887029
27887460
27887565
27887630
27888342
27888915
27889293
27889402
27890011
27891587
27891748
27892306
27893002
27894028
27894031
27894085
27894528
27897055
27897659
27898045
27898249
27899006
27899627
27900474
27900577
27900733
27901078
27901111
27901328
27901551
27901650
27901847
27901938
27902740
27903059
27903281
27904436
27905168
27905172
27905413
27906223
27907376
27907558
27909694
27909912
27910080
27910127
27912068
27912313
27912404
27912661
27912877
27913058
27913436
27914977
27915384
27915674
27916927
27917410
27918402
27918599
27918652
27918929
27919197
27919202
27919487
27920444
27920608
27921793
27922044
27922266
27922786
27922904
27923212
27923301
27923916
27924130
27924523
27926090
27926486
27926657
27926843
27926901
27926982
27927282
27927889
27928005
27928012
27928976
27929123
27929380
27929573
27929706
27930128
27931189
27931736
27932078
27932451
27933340
27934123
27934216
27935493
27936538
27936982
27938165
27939658
27939698
27939780
27940592
27940704
27941120
27941797
27942128
27943505
27943845
27944317
27946030
27946366
27946832
27947830
27947837
27947868
27948054
27949209
27949514
27949853
27950225
27950242
27950483
27950679
27951292
27951780
27952104
27952200
27952826
27953090
27953122
27953329
27953384
27954966
27955093
27955200
27956675
27956775
27956929
27957140
27957158
27959600
27959764
27960602
27960984
27962476
27963041
27963823
27965081
27965134
27965558
27966631
27967100
27967232
27967387
27968189
27968834
27969302
27969489
27969699
27969754
27970550
27971102
27971405
27972768
27972858
27974304
27975495
27976545
27977071
27978297
27978404
27978578
27978683
27980778
27980897
27982245
27983282
27985317
27985394
27986373
27986407
27987079
27989895
27990582
27990888
27991176
27991636
27991866
27993630
27993830
27994315
27995093
27995848
27995927
27995988
27996004
27996424
27996473
27997463
27997691
27998583
27998649
27998793
28000521
28000857
28001221
28001470
28001509
28002220
28003208
28003394
28004363
28004500
28004928
28005218
28005600
28005817
28007113
28007129
28007407
28007837
28009327
28009631
28010485
28011052
28011875
28012091
28012528
28013100
28013231
28014496
28014553
28015503
28016837
28017032
28017356
28018094
28018712
28018852
28019360
28019510
28019861
28019919
28021600
28021712
28022089
28022190
28022524
28022608
28022633
28023126
28023332
28023594
28023823
28023834
28024125
28024650
28025518
28026057
28026323
28026722
28026806
28027829
28028509
28028666
28029546
28029866
28030243
28030383
28030982
28031007
28031147
28031673
28031831
28032355
28032891
28033081
28033237
28033709
28034707
28034982
28035052
28035802
28035834
28037546
28037619
28037936
28038065
28038100
28038557
28039203
28039446
28039715
28039973
28040628
28040909
28041249
28041855
28042924
28044720
28045350
28045388
28045584
28045790
28046718
28047527
28047934
28048499
28048617
28049421
28049955
28051262
28051404
28052065
28052221
28052233
28052929
28052954
28053129
28053203
28053781
28053975
28054785
28054905
28055690
28055777
28056107
28056129
28056365
28056563
28056668
28057110
28057156
28057403
28057431
28057782
28057850
28058565
28058726
28059446
28060505
28060584
28061478
28061538
28065786
28066300
28066412
28067096
28067714
28068542
28069236
28069280
28069298
28070436
28070463
28071152
28071329
28072056
28073010
28073666
28073826
28073892
28074921
28075822
28077569
28078579
28079340
28079502
28079808
28079973
28080134
28081770
28082090
28083336
28083831
28083939
28084231
28084599
28085487
28085717
28085980
28086543
28086681
28087039
28087252
28087271
28087316
28087709
28087757
28087928
28088551
28090823
28090926
28091546
28091941
28092271
28094191
28094781
28095049
28095179
28096029
28096333
28096812
28096913
28097136
28097410
28097991
28098387
28098634
28098894
28099062
28099253
28100738
28101342
28102041
28102297
28102477
28103292
28103509
28104943
28106062
28106178
28106873
28107140
28108031
28108926
28109205
28109292
28111007
28111195
28111406
28111777
28112208
28112440
28113151
28113219
28113224
28113642
28113972
28114028
28114172
28114341
28114499
28115144
28116095
28116410
28116643
28117908
28119258
28119538
28119682
28119830
28120690
28121413
28121547
28121749
28122402
28122670
28123567
28123669
28124228
28124580
28124867
28125602
28126550
28127282
28127352
28127370
28127737
28127940
28128851
28129474
28129915
28130150
28130222
28130281
28131181
28131363
28131437
28132173
28132213
28132875
28133560
28134569
28134687
28134770
28135001
28135149
28135776
28135855
28135879
28136116
28136478
28136506
28139440
28139606
28139955
28139964
28140757
28141566
28142178
28142530
28142707
28142880
28143284
28143724
28144345
28144522
28146177
28146968
28147104
28147165
28147394
28147730
28147908
28149546
28150172
28150423
28151002
28151164
28151412
28151502
28152077
28152164
28152990
28153108
28154106
28154493
28155480
28156075
28156216
28156228
28156660
28157897
28159083
28159149
28159249
28160127
28160723
28160848
28161144
28161180
28163913
28164437
28164610
28164765
28166425
28166502
28167542
28167764
28168246
28168518
28168632
28169859
28169954
28170452
28172396
28173216
28173559
28174059
28174480
28175214
28175818
28176647
28177191
28177344
28177351
28177428
28178618
28178684
28179322
28179411
28180516
28180814
28182400
28182570
28182924
28182993
28183181
28183571
28184151
28185034
28185311
28185521
28185835
28186509
28188017
28188043
28188342
28188398
28188501
28189188
28189660
28189955
28190406
28190988
28191247
28191975
28192060
28192416
28192465
28193728
28194132
28194577
28195456
28196295
28196322
28198220
28198223
28198242
28198982
28199109
28199601
28200429
28201181
28202048
28202272
28202364
28202498
28203625
28204318
28204429
28204644
28205594
28205675
28206906
28206975
28207025
28207254
28208215
28208227
28208378
28208501
28208562
28209158
28209234
28209269
28209605
28210126
28210183
28211399
28211972
28211983
28212122
28213630
28213860
28214044
28214903
28215198
28215694
28216384
28216542
28216576
28217198
28217366
28217564
28217629
28218244
28219116
28219631
28219675
28220395
28220487
28220504
28221096
28221344
28222490
28222937
28222960
28223615
28223622
28224648
28225141
28225322
28228626
28228964
28229276
28229361
28229567
28229595
28229741
28230803
28231182
28231679
28231688
28232310
28234216
28235033
28235218
28235433
28236129
28237253
28238453
28238671
28240119
28240321
28241094
28242739
28243727
28243744
28244398
28244525
28244646
28245105
28245166
28245453
28246028
28246434
28247177
28247903
28249402
28250786
28251041
28251217
28251504
28252095
28252379
28252605
28253060
28253146
28253290
28254467
28254697
28255272
28255456
28255869
28256132
28257073
28257080
28257839
28258295
28258430
28258525
28259221
28259259
28260208
28260301
28260463
28260698
28260732
28261720
28261770
28262230
28263274
28263309
28263884
28264152
28264541
28265268
28266028
28266480
28266966
28267714
28267885
28267928
28268622
28270935
28271427
28272109
28272213
28272276
28273131
28273418
28274300
28274438
28274506
28274515
28274832
28274887
28275122
28275412
28276571
28277103
28278170
28278686
28279016
28280582
28280961
28281022
28281642
28282631
28282638
28282714
28283378
28283861
28285099
28285194
28285915
28286435
28286456
28287136
28287435
28287463
28287597
28288657
28288698
28288907
28289853
28289918
28290222
28290227
28290374
28290815
28291531
28291712
28291999
28292316
28292346
28293070
28293096
28294290
28294726
28294864
28294906
28295035
28297550
28298064
28298516
28298718
28299712
28299724
28299871
28301277
28301343
28301532
28301774
28301962
28301968
28302317
28302623
28302632
28302746
28303103
28303290
28303849
28304539
28304980
28305166
28305484
28306021
28306929
28307482
28307852
28308246
28308287
28309099
28310201
28310805
28311499
28312222
28313585
28314236
28314262
28314349
28315356
28316385
28316910
28317007
28317481
28317847
28318116
28318171
28318296
28318337
28318837
28319411
28319800
28319835
28320625
28321068
28321097
28321149
28321718
28321760
28322031
28322672
28323169
28323360
28323528
28323562
28323608
28323959
28324970
28326095
28326136
28327017
28327120
28327669
28328162
28328282
28328632
28329210
28329759
28329788
28329836
28330119
28330804
28330828
28331298
28332238
28332592
28333628
28334461
28335106
28335260
28336058
28336125
28336512
28336873
28337146
28337226
28337754
28337808
28337874
28338111
28338992
28339191
28339566
28339715
28340094
28340196
28340312
28340701
28341840
28341923
28342094
28342546
28342587
28343085
28343922
28344206
28344287
28344343
28344995
28345791
28346120
28346707
28347164
28350338
28350451
28351121
28351137
28351542
28352304
28352447
28353152
28353370
28354594
28355063
28356079
28356084
28356642
28357202
28358057
28358448
28358531
28359024
28359332
28359797
28361292
28362017
28362219
28362791
28363397
28363442
28363546
28363805
28363890
28364165
28365901
28366062
28366317
28367458
28368369
28369666
28369682
28369710
28369720
28370226
28370328
28370332
28370620
28371136
28371354
28371406
28371458
28371606
28371850
28371975
28372549
28373060
28373392
28373438
28373622
28374218
28374332
28377453
28378253
28379382
28379634
28380475
28380548
28381223
28381240
28381901
28382570
28382773
28382821
28384067
28385009
28386787
28387431
28387804
28387804
28387893
28388113
28388527
28388613
28389060
28389295
28390042
28390513
28390882
28391513
28393224
28393518
28393751
28394362
28394826
28394943
28395462
28396802
28396821
28397249
28397933
28398025
28398092
28398896
28399965
28400103
28400229
28400432
28401629
28402157
28403009
28403743
28405883
28406148
28406179
28407150
28407547
28407664
28408058
28408760
28408774
28409378
28410013
28410124
28410230
28410530
28411186
28412843
28413710
28414252
28414449
28414619
28414809
28415055
28415143
28415697
28415873
28416226
28416720
28417684
28417950
28418597
28418891
28419659
28419687
28420000
28420203
28420424
28420750
28421134
28421206
28421286
28421646
28421669
28421961
28421976
28422180
28423621
28424087
28424100
28424336
28425985
28426501
28426897
28426946
28428225
28428734
28429095
28429231
28429251
28429516
28429951
28430189
28430321
28430415
28430574
28430732
28431166
28432017
28432288
28433598
28434181
28434567
28434671
28434888
28435057
28435330
28435475
28436892
28437800
28438165
28439102
28439448
28440153
28440564
28440584
28440802
28441355
28442117
28442287
28442762
28443652
28443837
28443915
28444375
28444605
28446851
28446942
28447036
28447164
28447579
28447775
28447877
28449757
28449896
28450624
28450801
28451354
28451359
28451598
28451703
28451971
28452094
28452118
28452290
28452628
28453145
28453369
28454799
28454853
28455181
28455365
28456712
28457153
28457181
28458561
28459295
28459617
28460303
28460633
28461395
28461880
28462171
28462623
28463751
28464389
28464526
28465654
28465884
28467071
28467076
28467752
28467764
28468288
28468480
28468704
28469235
28471008
28471622
28471874
28471889
28472287
28472310
28472846
28472939
28473328
28475758
28475829
28477810
28477903
28480403
28480677
28482758
28482767
28483271
28483988
28484882
28484904
28485217
28485437
28485635
28485695
28485855
28485869
28486726
28486813
28488700
28489168
28490017
28491713
28492096
28492495
28492861
28493035
28493342
28493368
28493446
28494042
28495026
28495159
28496448
28496721
28497144
28497685
28498350
28498478
28498817
28499677
28500040
28500960
28501484
28501802
28502312
28503201
28503539
28503997
28504232
28504682
28506945
28507030
28508128
28508273
28509736
28510705
28511440
28511582
28511654
28512249
28512267
28512322
28512364
28512551
28512753
28512797
28512938
28513081
28513370
28513949
28514189
28514564
28514845
28515834
28516765
28517072
28517777
28517937
28518254
28518386
28518878
28519204
28519896
28520082
28520449
28520682
28520711
28521396
28521501
28521768
28521827
28522128
28523579
28524058
28524064
28524796
28524965
28525251
28525273
28525354
28526031
28526040
28527432
28527702
28527709
28527820
28529030
28529726
28529744
28529784
28530204
28530820
28531080
28531231
28532066
28532681
28532786
28532855
28532975
28533520
28534005
28534596
28534655
28534720
28535343
28536100
28536660
28536942
28536946
28537799
28539417
28539835
28540533
28541693
28542071
28542352
28542388
28542437
28543172
28543291
28545312
28545586
28545788
28546205
28547332
28549059
28549838
28549838
28550097
28550217
28551767
28551774
28553057
28553301
28554073
28554343
28554412
28554918
28555265
28555377
28556420
28557512
28557632
28557785
28557835
28558782
28559014
28559310
28559665
28560782
28560978
28561061
28561719
28561987
28562640
28563623
28565266
28565940
28566057
28566883
28567482
28567597
28567848
28567946
28568148
28568252
28568480
28568522
28568595
28569337
28569458
28572089
28572133
28572300
28572983
28573531
28573571
28574021
28574036
28574188
28574444
28574527
28575471
28575556
28575697
28575738
28575906
28576028
28576321
28576636
28577769
28577999
28578459
28579140
28579571
28579820
28580032
28580342
28581671
28581946
28582038
28582993
28583079
28583080
28583179
28583187
28583509
28584033
28584834
28586113
28587220
28587616
28588115
28588152
28588153
28588698
28589041
28589139
28589150
28589546
28590757
28590874
28591196
28591586
28591860
28592171
28593304
28593918
28594253
28595098
28595201
28596669
28597070
28597167
28597305
28597606
28597846
28598097
28599103
28599180
28599218
28599848
28599960
28600387
28600454
28600619
28601302
28602183
28602648
28602781
28603149
28603749
28603886
28605043
28605051
28606007
28606013
28606484
28607111
28607480
28607700
28607839
28608032
28609218
28609666
28610287
28610322
28611082
28611503
28611688
28613873
28614580
28614739
28615501
28615596
28615678
28616960
28616999
28618630
28618849
28618953
28619789
28619822
28621060
28622363
28622428
28622608
28623012
28623136
28624766
28625003
28625302
28625518
28625559
28626020
28626317
28626423
28626440
28626530
28628429
28628526
28629034
28629189
28629803
28629864
28630499
28630619
28631468
28632466
28632514
28632574
28632824
28633247
28633303
28633496
28635852
28636532
28636783
28636872
28637549
28638217
28638386
28639594
28639631
28640061
28640259
28640418
28640425
28640469
28640578
28640832
28641420
28642084
28642946
28643006
28643778
28644272
28645064
28645253
28645261
28645865
28646090
28647013
28647704
28647967
28648032
28648800
28648823
28649018
28649379
28649985
28650133
28650193
28650338
28650517
28651033
28651332
28651399
28651722
28651840
28652355
28653119
28653380
28653865
28653958
28654212
28655376
28655709
28655793
28655927
28657158
28657234
28657344
28657477
28658601
28658666
28658972
28659671
28660130
28660880
28660998
28661427
28662021
28662093
28662325
28663312
28663523
28664117
28664624
28664741
28664810
28665864
28666695
28667216
28668203
28668260
28668743
28669403
28669869
28670129
28670417
28670868
28671316
28671674
28673058
28673316
28674475
28674741
28674851
28675011
28675162
28675710
28675834
28676476
28677060
28677822
28677911
28678583
28678999
28679506
28679588
28679993
28680465
28680792
28681688
28681827
28681959
28682923
28683257
28683898
28684480
28684487
28685119
28685639
28686127
28686541
28687394
28687550
28687579
28688392
28690110
28691221
28691615
28692804
28693037
28693199
28693713
28694204
28694783
28694871
28694925
28694948
28695189
28696098
28696606
28698086
28698640
28699212
28699229
28699623
28700946
28701366
28702066
28702099
28704471
28704693
28704871
28704912
28705830
28705966
28706036
28707198
28707676
28708325
28709172
28710079
28710619
28712987
28714438
28714605
28715135
28715810
28716449
28716702
28717147
28717271
28717394
28718878
28719039
28720576
28720837
28721390
28722129
28722310
28722433
28722920
28723547
28723757
28723844
28723920
28724399
28724773
28725003
28725748
28726758
28727089
28727610
28727902
28728060
28729444
28729547
28729944
28730208
28730448
28730858
28732049
28732483
28733739
28733917
28734590
28734628
28735205
28735307
28735814
28735896
28736268
28736455
28737151
28737221
28738329
28738864
28739101
28739863
28740272
28740386
28741258
28741404
28741472
28742261
28742362
28744285
28746923
28747905
28749637
28750193
28750223
28750494
28750668
28750704
28751839
28752039
28752194
28752498
28752580
28752722
t,2018,5,18,16,38,55,28800867
28754014
28754032
28754062
28754098
28754519
28755595
28755647
28755687
28755918
28756172
28758641
28759377
28759503
28759743
28760469
28760686
28762653
28763085
28763132
28763195
28763415
28763805
28763877
28765194
28765993
28766577
28766590
28767097
t,2018,5,18,17,8,55,30600867
t,2018,5,18,17,38,55,32400867
t,2018,5,18,18,8,55,34200867
t,2018,5,18,18,38,55,36000867
t,2018,5,18,19,8,55,37800867
t,2018,5,18,19,38,55,39600867
t,2018,5,18,20,8,55,41400867
t,2018,5,18,20,38,55,43200867
t,2018,5,18,21,8,55,45000867
t,2018,5,18,21,38,55,46800867
t,2018,5,18,22,8,55,48600867
t,2018,5,18,22,38,55,50400867
t,2018,5,18,23,8,55,52200867
t,2018,5,18,23,38,55,54000867
t,2018,5,19,0,8,55,55800867
t,2018,5,19,0,38,55,57600867
t,2018,5,19,1,8,55,59400867
t,2018,5,19,1,38,55,61200867
t,2018,5,19,2,8,55,63000867
t,2018,5,19,2,38,55,64800867
t,2018,5,19,3,8,55,66600867
t,2018,5,19,3,38,55,68400867
t,2018,5,19,4,8,55,70200867
t,2018,5,19,4,38,55,72000867
t,2018,5,19,5,8,55,73800867
t,2018,5,19,5,38,55,75600867
t,2018,5,19,6,8,55,77400867
t,2018,5,19,6,38,55,79200867
t,2018,5,19,7,8,55,81000867
